18 85 19 83
19 83 20 80
20 80 21 76
21 76 25 70
25 70 28 60
28 60 31 57
31 57 34 53
34 53 35 50
35 50 36 49
36 49 37 48
37 48 39 51
39 51 39 52
39 52 39 59
39 59 39 67
39 67 39 71
39 71 39 75
39 75 39 76
39 76 39 77
39 77 40 77
40 77 42 77
42 77 46 72
46 72 50 68
50 68 59 60
59 60 61 57
61 57 66 52
66 52 71 50
71 50 73 49
73 49 74 48
74 48 74 49
74 49 74 55
74 55 74 57
74 57 74 64
74 64 74 71
74 71 74 74
74 74 74 75
74 75 75 77
75 77 77 77
77 77 83 77
83 77 93 70
93 70 97 68
97 68 104 62
104 62 113 57
113 57 115 55
115 55 121 51
121 51 122 51
122 51 122 52
122 52 122 57
122 57 121 69
121 69 121 71
121 71 121 76
121 76 121 78
121 78 123 78
123 78 125 78
125 78 131 74
131 74 139 70
139 70 145 65
145 65 155 59
155 59 156 59
156 59 157 59
157 59 158 59
158 59 158 60
158 60 158 64
158 64 158 68
158 68 158 74
158 74 158 75
158 75 158 76
158 76 158 77
158 77 164 77
164 77 167 77
167 77 172 73
172 73 180 69
180 69 190 62
190 62 205 53
205 53 207 52
207 52 214 47
214 47 218 46
218 46 220 46
220 46 221 46
221 46 222 47
222 47 223 48
223 48 226 48
226 48 229 47
229 47 234 44
234 44 240 38
240 38 245 36
245 36 249 33
249 33 251 31
251 31 252 31
252 31 252 32
252 32 250 37
250 37 250 39
250 39 249 41
249 41 248 42
248 42 248 44
248 44 247 45
247 45 246 46

